[gd_scene load_steps=4 format=3 uid="uid://d362eya2ajhk1"]

[ext_resource type="PackedScene" uid="uid://88f70ly0w5b4" path="res://game/npc/master/npc.tscn" id="1_3y3ua"]
[ext_resource type="Script" uid="uid://bmiaw4kcwmo2m" path="res://game/npc/ollie/ollie.gd" id="2_1f2qb"]
[ext_resource type="PackedScene" uid="uid://dbemtombk72y6" path="res://game/npc/ollie/owl.tscn" id="3_1f2qb"]

[node name="Ollie" node_paths=PackedStringArray("animation_player") instance=ExtResource("1_3y3ua")]
script = ExtResource("2_1f2qb")
animation_player = NodePath("cosmic owl/AnimationPlayer")

[node name="cosmic owl" parent="." index="6" instance=ExtResource("3_1f2qb")]

[node name="Cube_001" parent="cosmic owl/char_grp/rig/Skeleton3D" index="0"]
transform = Transform3D(-0.999234, 0.0385572, 0.00667393, 0.0365578, 0.980682, -0.192164, -0.0139543, -0.191773, -0.98134, -0.622265, 1.81779, 0.0828031)

[node name="Cube_002" parent="cosmic owl/char_grp/rig/Skeleton3D" index="1"]
transform = Transform3D(0.999234, 0.0365017, 0.0141004, -0.0365578, 0.999325, 0.00374273, 0.0139543, 0.004255, -0.999894, 0.0238228, 0.966212, -0.044431)

[node name="Cube_003" parent="cosmic owl/char_grp/rig/Skeleton3D" index="2"]
transform = Transform3D(0.18895, -0.212681, 0.0118455, 0.21269, 0.188978, 0.00314415, 0.0034606, -0.00229192, -0.839991, 0.0186512, 1.23941, 0.562312)

[node name="Cube_004" parent="cosmic owl/char_grp/rig/Skeleton3D" index="3"]
transform = Transform3D(0.999234, 0.0385572, 0.00667392, -0.0365578, 0.980682, -0.192164, 0.0139543, -0.191773, -0.98134, 0.7266, 1.76844, 0.10164)

[editable path="cosmic owl"]
